using exec cost with mp_size 1: [7.20977783e-04 2.26020813e-04 2.28166580e-04 6.37507439e-03
 6.10113144e-03 6.19411469e-03 6.10971451e-03 6.23774529e-03
 6.11472130e-03 6.22129440e-03 6.08468056e-03 6.13045692e-03
 6.08968735e-03 6.21557236e-03 6.07681274e-03 2.13861465e-04
 4.07695770e-04 3.31878662e-04 5.57899475e-05 3.09705734e-04
 2.31742859e-04 4.88519669e-04 2.33173370e-04 1.00851059e-04
 2.61068344e-04 8.51154327e-05 1.63078308e-04 9.44137573e-05
 2.74658203e-04 4.87804413e-04 2.32458115e-04 9.51290131e-05
 2.50339508e-04 8.36849213e-05 6.86645508e-05 2.51054764e-04
 4.30583954e-04 2.15291977e-04 9.51290131e-05 2.44617462e-04
 8.15391541e-05 1.20248795e-02 1.20019913e-02 1.19976997e-02
 1.19891167e-02 1.19891167e-02 1.19791031e-02 1.19826794e-02
 1.19805336e-02 1.19919777e-02 1.20112896e-02 1.20027065e-02
 1.20205879e-02 1.27315521e-04 3.25441360e-04 8.18252563e-04]
using exec cost with mp_size 2: [7.24554062e-04 2.16722488e-04 2.16007233e-04 7.77769089e-03
 6.81924820e-03 6.96873665e-03 6.85286522e-03 7.01665878e-03
 6.95085526e-03 6.85143471e-03 6.93798065e-03 6.85858727e-03
 6.97016716e-03 6.82711601e-03 6.90650940e-03 2.22444534e-04
 3.94821167e-04 2.26020813e-04 5.07831573e-05 2.93254852e-04
 2.26020813e-04 4.72068787e-04 2.27451324e-04 9.65595245e-05
 2.50339508e-04 8.01086426e-05 1.51634216e-04 8.58306885e-05
 2.55346298e-04 4.36306000e-04 2.29597092e-04 9.29832458e-05
 2.38180161e-04 7.79628754e-05 6.43730164e-05 2.45332718e-04
 4.60624695e-04 2.16007233e-04 9.29832458e-05 3.78370285e-04
 8.22544098e-05 1.48658752e-02 1.48501396e-02 1.48165226e-02
 1.48108006e-02 1.49931908e-02 1.48386955e-02 1.47743225e-02
 1.47900581e-02 1.49660110e-02 1.47829056e-02 1.48072243e-02
 1.47943497e-02 1.08718872e-04 3.37600708e-04 8.36133957e-04]
using exec cost with mp_size 4: [7.72476196e-04 2.81095505e-04 2.38895416e-04 7.92431831e-03
 7.37643242e-03 7.40361214e-03 7.39789009e-03 7.34210014e-03
 7.55095482e-03 7.40718842e-03 7.41791725e-03 7.46369362e-03
 7.12537766e-03 7.35497475e-03 7.51519203e-03 2.21014023e-04
 3.91244888e-04 2.22444534e-04 4.93526459e-05 2.84671783e-04
 2.21014023e-04 4.69207764e-04 2.23159790e-04 9.15527344e-05
 2.48193741e-04 7.86781311e-05 1.61647797e-04 8.86917114e-05
 2.89678574e-04 4.18424606e-04 2.26736069e-04 8.79764557e-05
 2.32458115e-04 7.58171082e-05 6.36577606e-05 2.34603882e-04
 4.12702560e-04 2.08139420e-04 8.65459442e-05 2.30312347e-04
 7.36713409e-05 1.40805244e-02 1.37515068e-02 1.38967037e-02
 1.37336254e-02 1.37729645e-02 1.35591030e-02 1.36964321e-02
 1.36935711e-02 1.36799812e-02 1.37672424e-02 1.36034489e-02
 1.35805607e-02 1.10864639e-04 3.39031219e-04 8.94784927e-04]
total possible amp candidates without placment: 65
pipe_ast used 13.15822958946228 with L=25, k=16
amp gives partition: [3, 3, 3, 3, 2, 1, 1, 1, 1, 1, 1, 1, 1, 1, 1, 1]
[3, 3, 3, 3, 2, 1, 1, 1, 1, 1, 1, 1, 1, 1, 1, 1] [0, 3, 4, 5, 6, 7, 8, 9, 10, 11, 12, 13, 14, 41, 42, 43, 44, 45, 46, 47, 48, 49, 50, 51, 52]
[0, 5, 8, 11, 14, 42, 43, 44, 45, 46, 47, 48, 49, 50, 51, 52, 56] tensor([1.3877]) tensor([0.])
pipe_ast used 8.631776332855225 with L=25, k=8
amp gives partition: [5, 5, 4, 2, 2, 3, 2, 2]
[5, 5, 4, 2, 2, 3, 2, 2] [0, 3, 4, 5, 6, 7, 8, 9, 10, 11, 12, 13, 14, 41, 42, 43, 44, 45, 46, 47, 48, 49, 50, 51, 52]
[0, 7, 12, 42, 44, 46, 49, 51, 56] tensor([1.3456]) tensor([0.0118])
pipe_ast used 4.373286008834839 with L=25, k=4
amp gives partition: [10, 6, 5, 4]
[10, 6, 5, 4] [0, 3, 4, 5, 6, 7, 8, 9, 10, 11, 12, 13, 14, 41, 42, 43, 44, 45, 46, 47, 48, 49, 50, 51, 52]
[0, 12, 44, 49, 56] tensor([1.1502]) tensor([0.0320])
pipe_ast used 1.6797823905944824 with L=25, k=2
amp gives partition: [16, 9]
[16, 9] [0, 3, 4, 5, 6, 7, 8, 9, 10, 11, 12, 13, 14, 41, 42, 43, 44, 45, 46, 47, 48, 49, 50, 51, 52]
[0, 44, 56] tensor([1.8394]) tensor([0.8456])
pipe_ast used 0.06659340858459473 with L=25, k=1
amp gives partition: [25]
[25] [0, 3, 4, 5, 6, 7, 8, 9, 10, 11, 12, 13, 14, 41, 42, 43, 44, 45, 46, 47, 48, 49, 50, 51, 52]
[0, 56] tensor([1.7808]) tensor([0.9062])
pipe_ast used 8.646327495574951 with L=25, k=8
amp gives partition: [6, 6, 3, 2, 2, 2, 2, 2]
[6, 6, 3, 2, 2, 2, 2, 2] [0, 3, 4, 5, 6, 7, 8, 9, 10, 11, 12, 13, 14, 41, 42, 43, 44, 45, 46, 47, 48, 49, 50, 51, 52]
[0, 8, 14, 43, 45, 47, 49, 51, 56] tensor([2.8714]) tensor([0.])
pipe_ast used 4.411846399307251 with L=25, k=4
amp gives partition: [11, 6, 4, 4]
[11, 6, 4, 4] [0, 3, 4, 5, 6, 7, 8, 9, 10, 11, 12, 13, 14, 41, 42, 43, 44, 45, 46, 47, 48, 49, 50, 51, 52]
[0, 13, 45, 49, 56] tensor([2.5406]) tensor([0.0118])
pipe_ast used 1.7162139415740967 with L=25, k=2
amp gives partition: [16, 9]
[16, 9] [0, 3, 4, 5, 6, 7, 8, 9, 10, 11, 12, 13, 14, 41, 42, 43, 44, 45, 46, 47, 48, 49, 50, 51, 52]
[0, 44, 56] tensor([2.6286]) tensor([0.3624])
pipe_ast used 0.06571125984191895 with L=25, k=1
amp gives partition: [25]
[25] [0, 3, 4, 5, 6, 7, 8, 9, 10, 11, 12, 13, 14, 41, 42, 43, 44, 45, 46, 47, 48, 49, 50, 51, 52]
[0, 56] tensor([2.5233]) tensor([0.4229])
pipe_ast used 4.363131761550903 with L=25, k=4
amp gives partition: [10, 6, 4, 5]
[10, 6, 4, 5] [0, 3, 4, 5, 6, 7, 8, 9, 10, 11, 12, 13, 14, 41, 42, 43, 44, 45, 46, 47, 48, 49, 50, 51, 52]
[0, 12, 44, 48, 56] tensor([4.5601]) tensor([0.])
pipe_ast used 1.7098593711853027 with L=25, k=2
amp gives partition: [16, 9]
[16, 9] [0, 3, 4, 5, 6, 7, 8, 9, 10, 11, 12, 13, 14, 41, 42, 43, 44, 45, 46, 47, 48, 49, 50, 51, 52]
[0, 44, 56] tensor([4.4611]) tensor([0.1208])
pipe_ast used 0.06743407249450684 with L=25, k=1
amp gives partition: [25]
[25] [0, 3, 4, 5, 6, 7, 8, 9, 10, 11, 12, 13, 14, 41, 42, 43, 44, 45, 46, 47, 48, 49, 50, 51, 52]
[0, 56] tensor([4.2591]) tensor([0.1812])
pipe_ast used 13.060189247131348 with L=25, k=16
amp gives partition: [3, 3, 3, 3, 2, 1, 1, 1, 1, 1, 1, 1, 1, 1, 1, 1]
[3, 3, 3, 3, 2, 1, 1, 1, 1, 1, 1, 1, 1, 1, 1, 1] [0, 3, 4, 5, 6, 7, 8, 9, 10, 11, 12, 13, 14, 41, 42, 43, 44, 45, 46, 47, 48, 49, 50, 51, 52]
[0, 5, 8, 11, 14, 42, 43, 44, 45, 46, 47, 48, 49, 50, 51, 52, 56] tensor([1.5888]) tensor([0.])
pipe_ast used 8.63069748878479 with L=25, k=8
amp gives partition: [5, 5, 4, 2, 2, 3, 2, 2]
[5, 5, 4, 2, 2, 3, 2, 2] [0, 3, 4, 5, 6, 7, 8, 9, 10, 11, 12, 13, 14, 41, 42, 43, 44, 45, 46, 47, 48, 49, 50, 51, 52]
[0, 7, 12, 42, 44, 46, 49, 51, 56] tensor([1.5291]) tensor([0.0118])
pipe_ast used 4.382774114608765 with L=25, k=4
amp gives partition: [10, 6, 5, 4]
[10, 6, 5, 4] [0, 3, 4, 5, 6, 7, 8, 9, 10, 11, 12, 13, 14, 41, 42, 43, 44, 45, 46, 47, 48, 49, 50, 51, 52]
[0, 12, 44, 49, 56] tensor([1.3097]) tensor([0.0320])
pipe_ast used 1.7031002044677734 with L=25, k=2
amp gives partition: [16, 9]
[16, 9] [0, 3, 4, 5, 6, 7, 8, 9, 10, 11, 12, 13, 14, 41, 42, 43, 44, 45, 46, 47, 48, 49, 50, 51, 52]
[0, 44, 56] tensor([1.9476]) tensor([0.8456])
pipe_ast used 0.06676793098449707 with L=25, k=1
amp gives partition: [25]
[25] [0, 3, 4, 5, 6, 7, 8, 9, 10, 11, 12, 13, 14, 41, 42, 43, 44, 45, 46, 47, 48, 49, 50, 51, 52]
[0, 56] tensor([1.7808]) tensor([0.9062])
pipe_ast used 8.716343879699707 with L=25, k=8
amp gives partition: [6, 6, 3, 2, 2, 2, 2, 2]
[6, 6, 3, 2, 2, 2, 2, 2] [0, 3, 4, 5, 6, 7, 8, 9, 10, 11, 12, 13, 14, 41, 42, 43, 44, 45, 46, 47, 48, 49, 50, 51, 52]
[0, 8, 14, 43, 45, 47, 49, 51, 56] tensor([3.0934]) tensor([0.])
pipe_ast used 4.41135311126709 with L=25, k=4
amp gives partition: [11, 6, 4, 4]
[11, 6, 4, 4] [0, 3, 4, 5, 6, 7, 8, 9, 10, 11, 12, 13, 14, 41, 42, 43, 44, 45, 46, 47, 48, 49, 50, 51, 52]
[0, 13, 45, 49, 56] tensor([2.7308]) tensor([0.0118])
pipe_ast used 1.7008700370788574 with L=25, k=2
amp gives partition: [16, 9]
[16, 9] [0, 3, 4, 5, 6, 7, 8, 9, 10, 11, 12, 13, 14, 41, 42, 43, 44, 45, 46, 47, 48, 49, 50, 51, 52]
[0, 44, 56] tensor([2.7579]) tensor([0.3624])
pipe_ast used 0.0794517993927002 with L=25, k=1
amp gives partition: [25]
[25] [0, 3, 4, 5, 6, 7, 8, 9, 10, 11, 12, 13, 14, 41, 42, 43, 44, 45, 46, 47, 48, 49, 50, 51, 52]
[0, 56] tensor([2.5233]) tensor([0.4229])
pipe_ast used 4.36810564994812 with L=25, k=4
amp gives partition: [10, 6, 4, 5]
[10, 6, 4, 5] [0, 3, 4, 5, 6, 7, 8, 9, 10, 11, 12, 13, 14, 41, 42, 43, 44, 45, 46, 47, 48, 49, 50, 51, 52]
[0, 12, 44, 48, 56] tensor([4.7475]) tensor([0.])
pipe_ast used 1.713313102722168 with L=25, k=2
amp gives partition: [16, 9]
[16, 9] [0, 3, 4, 5, 6, 7, 8, 9, 10, 11, 12, 13, 14, 41, 42, 43, 44, 45, 46, 47, 48, 49, 50, 51, 52]
[0, 44, 56] tensor([4.5845]) tensor([0.1208])
pipe_ast used 0.06736040115356445 with L=25, k=1
amp gives partition: [25]
[25] [0, 3, 4, 5, 6, 7, 8, 9, 10, 11, 12, 13, 14, 41, 42, 43, 44, 45, 46, 47, 48, 49, 50, 51, 52]
[0, 56] tensor([4.2591]) tensor([0.1812])
